n_obs: 10
data_preparation: 26.77631974220276
writing: 1.4907598495483398
reading: 0.4467456340789795
data_fitting: 100.76065468788147
flux_point: 16.887675046920776
