n_obs: 10
data_preparation: 42.833439350128174
writing: 1.7728755474090576
reading: 0.5261118412017822
data_fitting: 148.94413352012634
flux_point: 21.164794206619263
