n_obs: 10
data_preparation: 27.608800411224365
writing: 1.5122294425964355
reading: 0.4588508605957031
data_fitting: 103.87939739227295
flux_point: 17.37534999847412
