n_obs: 10
data_preparation: 26.965550661087036
writing: 1.5327668190002441
reading: 0.47762227058410645
data_fitting: 103.85565400123596
flux_point: 17.082021951675415
