n_obs: 10
data_preparation: 26.85868763923645
writing: 1.5145769119262695
reading: 0.47339940071105957
data_fitting: 101.71027135848999
flux_point: 16.681761980056763
