n_obs: 10
data_preparation: 27.760066509246826
writing: 1.607452630996704
reading: 0.5617167949676514
data_fitting: 108.98690462112427
flux_point: 17.826753616333008
