n_obs: 10
data_preparation: 27.99418592453003
writing: 1.6393747329711914
reading: 0.5552983283996582
data_fitting: 108.5583221912384
flux_point: 17.570411682128906
