n_obs: 10
data_preparation: 21.69469928741455
writing: 1.1789495944976807
reading: 0.3560147285461426
data_fitting: 98.11115741729736
flux_point: 13.68171238899231
