n_obs: 10
data_preparation: 27.713159561157227
writing: 1.617774248123169
reading: 0.5579321384429932
data_fitting: 110.01605701446533
flux_point: 17.815710306167603
