n_obs: 10
data_preparation: 27.283202409744263
writing: 1.5629141330718994
reading: 0.536834716796875
data_fitting: 107.18706560134888
flux_point: 17.222099781036377
