n_obs: 10
data_preparation: 30.195711374282837
writing: 1.6573402881622314
reading: 0.5523052215576172
data_fitting: 111.72236347198486
flux_point: 18.319664001464844
