n_obs: 10
data_preparation: 41.42818307876587
writing: 1.768890142440796
reading: 0.5303964614868164
data_fitting: 155.83564734458923
flux_point: 21.473933458328247
