n_obs: 10
data_preparation: 27.97443437576294
writing: 1.630497932434082
reading: 0.5526072978973389
data_fitting: 107.10627865791321
flux_point: 17.187773942947388
