n_obs: 10
data_preparation: 26.580159187316895
writing: 1.4886806011199951
reading: 0.4526560306549072
data_fitting: 99.94850087165833
flux_point: 16.59956645965576
