n_obs: 10
data_preparation: 28.49208092689514
writing: 1.6752033233642578
reading: 0.5819752216339111
data_fitting: 113.69052290916443
flux_point: 18.77006244659424
