n_obs: 10
data_preparation: 28.683510780334473
writing: 1.575240135192871
reading: 0.5043857097625732
data_fitting: 108.30804824829102
flux_point: 18.111525297164917
