n_obs: 10
data_preparation: 41.15259289741516
writing: 1.6875054836273193
reading: 0.49657201766967773
data_fitting: 184.25434398651123
flux_point: 20.66866636276245
