n_obs: 10
data_preparation: 26.588294982910156
writing: 1.4929981231689453
reading: 0.4516119956970215
data_fitting: 100.06371140480042
flux_point: 16.554503917694092
