n_obs: 10
data_preparation: 43.80419182777405
writing: 1.7787384986877441
reading: 0.5138511657714844
data_fitting: 172.8782296180725
flux_point: 21.28039288520813
