n_obs: 10
data_preparation: 28.91125226020813
writing: 1.6514928340911865
reading: 0.5576658248901367
data_fitting: 108.61123323440552
flux_point: 17.740809679031372
