n_obs: 10
data_preparation: 27.10015869140625
writing: 1.572148323059082
reading: 0.5484001636505127
data_fitting: 106.71564888954163
flux_point: 17.004865169525146
