n_obs: 10
data_preparation: 26.739099979400635
writing: 1.5189948081970215
reading: 0.4642064571380615
data_fitting: 103.74805951118469
flux_point: 17.375723838806152
