n_obs: 10
data_preparation: 27.967395067214966
writing: 1.6227495670318604
reading: 0.5370547771453857
data_fitting: 106.78847479820251
flux_point: 17.24769902229309
