n_obs: 10
data_preparation: 27.959896087646484
writing: 1.6420538425445557
reading: 0.5577759742736816
data_fitting: 123.67731261253357
flux_point: 17.107375144958496
