n_obs: 10
data_preparation: 44.74798393249512
writing: 1.807523250579834
reading: 0.5310797691345215
data_fitting: 191.20117354393005
flux_point: 22.450721502304077
