n_obs: 10
data_preparation: 27.77585744857788
writing: 1.592437505722046
reading: 0.5536634922027588
data_fitting: 107.94378805160522
flux_point: 17.35667109489441
