n_obs: 10
data_preparation: 26.860967874526978
writing: 1.5415332317352295
reading: 0.4625508785247803
data_fitting: 114.07811498641968
flux_point: 16.74129867553711
