n_obs: 10
data_preparation: 3.361562490463257
writing: 2.036071300506592
reading: 1.7560992240905762
data_fitting: 0.7756979465484619
flux_point: 8.197701692581177
