n_obs: 10
data_preparation: 3.3036959171295166
writing: 2.0517165660858154
reading: 1.7426378726959229
data_fitting: 0.7931134700775146
flux_point: 8.00857925415039
