n_obs: 10
data_preparation: 3.6799044609069824
writing: 2.376124382019043
reading: 2.0410094261169434
data_fitting: 0.8998122215270996
flux_point: 9.180453062057495
