n_obs: 10
data_preparation: 3.378154993057251
writing: 2.089585542678833
reading: 1.7688734531402588
data_fitting: 0.8086864948272705
flux_point: 8.334717512130737
