n_obs: 10
data_preparation: 3.4639711380004883
writing: 2.246891736984253
reading: 1.942657470703125
data_fitting: 0.8690023422241211
flux_point: 8.781902313232422
