n_obs: 10
data_preparation: 3.4669699668884277
writing: 2.2660505771636963
reading: 2.037238597869873
data_fitting: 0.8438394069671631
flux_point: 8.564871788024902
