n_obs: 10
data_preparation: 2.526318073272705
writing: 1.5465021133422852
reading: 1.336639165878296
data_fitting: 0.5714070796966553
flux_point: 6.193615198135376
