n_obs: 10
data_preparation: 3.6493968963623047
writing: 2.3425559997558594
reading: 2.0549278259277344
data_fitting: 0.8822669982910156
flux_point: 9.035310506820679
