n_obs: 10
data_preparation: 3.3589560985565186
writing: 2.041327953338623
reading: 1.93870210647583
data_fitting: 0.7773487567901611
flux_point: 7.992719650268555
