n_obs: 10
data_preparation: 3.5203754901885986
writing: 2.2768964767456055
reading: 1.9524767398834229
data_fitting: 0.897087574005127
flux_point: 9.004110097885132
