n_obs: 10
data_preparation: 3.2659666538238525
writing: 2.012071371078491
reading: 1.7571845054626465
data_fitting: 0.7594621181488037
flux_point: 8.10642147064209
