n_obs: 10
data_preparation: 3.3547966480255127
writing: 2.143317699432373
reading: 1.8378336429595947
data_fitting: 0.8322854042053223
flux_point: 8.470885515213013
