n_obs: 10
data_preparation: 3.632368326187134
writing: 2.3091824054718018
reading: 2.0122387409210205
data_fitting: 0.8833696842193604
flux_point: 8.979537010192871
