n_obs: 10
data_preparation: 3.5739128589630127
writing: 2.331416368484497
reading: 1.9511613845825195
data_fitting: 0.9234051704406738
flux_point: 8.989702701568604
