n_obs: 10
data_preparation: 3.555565118789673
writing: 2.3064310550689697
reading: 1.9883761405944824
data_fitting: 0.8890683650970459
flux_point: 9.07026982307434
