n_obs: 10
data_preparation: 3.3571648597717285
writing: 2.055107593536377
reading: 1.8157565593719482
data_fitting: 0.7513096332550049
flux_point: 8.05628752708435
