n_obs: 10
data_preparation: 3.268033266067505
writing: 1.9761052131652832
reading: 1.8498177528381348
data_fitting: 0.7428724765777588
flux_point: 7.755329132080078
