n_obs: 10
data_preparation: 3.306168794631958
writing: 2.104792594909668
reading: 1.794196605682373
data_fitting: 0.8073070049285889
flux_point: 8.238162755966187
