n_obs: 10
data_preparation: 3.6817519664764404
writing: 2.341123580932617
reading: 2.0126399993896484
data_fitting: 0.8913536071777344
flux_point: 9.1329505443573
