n_obs: 10
data_preparation: 3.520020008087158
writing: 2.313875675201416
reading: 2.135347843170166
data_fitting: 0.8779730796813965
flux_point: 8.849032163619995
