n_obs: 10
data_preparation: 3.240771532058716
writing: 1.970982551574707
reading: 1.8400254249572754
data_fitting: 0.738328218460083
flux_point: 7.731730937957764
