n_obs: 10
data_preparation: 3.3899388313293457
writing: 2.0624613761901855
reading: 1.807894229888916
data_fitting: 0.7619938850402832
flux_point: 8.455994844436646
