n_obs: 10
data_preparation: 3.5093278884887695
writing: 2.2740983963012695
reading: 1.952789545059204
data_fitting: 0.8752517700195312
flux_point: 8.911648750305176
