n_obs: 10
data_preparation: 3.2156827449798584
writing: 1.9592609405517578
reading: 1.6844227313995361
data_fitting: 0.7350728511810303
flux_point: 7.867184400558472
