n_obs: 10
data_preparation: 3.4737579822540283
writing: 2.1393485069274902
reading: 1.8172564506530762
data_fitting: 0.8460226058959961
flux_point: 8.425650358200073
