n_obs: 10
data_preparation: 3.221418619155884
writing: 1.9556479454040527
reading: 1.685230016708374
data_fitting: 0.7350542545318604
flux_point: 7.8367063999176025
