n_obs: 10
data_preparation: 3.4896092414855957
writing: 2.223097324371338
reading: 1.902388334274292
data_fitting: 0.8726084232330322
flux_point: 8.700339794158936
