n_obs: 10
data_preparation: 18.719613790512085
writing: 0.12271332740783691
reading: 0.05660605430603027
data_fitting: 3.1013741493225098
flux_point: 0.7823426723480225
