n_obs: 10
data_preparation: 13.324955463409424
writing: 0.13175272941589355
reading: 0.06090140342712402
data_fitting: 3.0377390384674072
flux_point: 0.7748007774353027
