n_obs: 10
data_preparation: 12.929360389709473
writing: 0.11850428581237793
reading: 0.05985450744628906
data_fitting: 2.8576266765594482
flux_point: 0.774484395980835
