n_obs: 10
data_preparation: 12.86954140663147
writing: 0.12224841117858887
reading: 0.05454206466674805
data_fitting: 2.690744161605835
flux_point: 0.7234756946563721
