n_obs: 10
data_preparation: 13.29476261138916
writing: 0.12875771522521973
reading: 0.062107086181640625
data_fitting: 3.0949957370758057
flux_point: 0.786078929901123
