n_obs: 10
data_preparation: 13.89128065109253
writing: 0.1346883773803711
reading: 0.06641316413879395
data_fitting: 3.366992712020874
flux_point: 0.8351662158966064
