n_obs: 10
data_preparation: 13.024248838424683
writing: 0.11736607551574707
reading: 0.05388045310974121
data_fitting: 2.668409824371338
flux_point: 0.7124621868133545
