n_obs: 10
data_preparation: 12.624812364578247
writing: 0.11599040031433105
reading: 0.057389259338378906
data_fitting: 2.607523202896118
flux_point: 0.7054734230041504
