n_obs: 10
data_preparation: 18.775711059570312
writing: 0.1256103515625
reading: 0.05918121337890625
data_fitting: 3.343114137649536
flux_point: 0.8285777568817139
