n_obs: 10
data_preparation: 13.526004552841187
writing: 0.1407930850982666
reading: 0.0678551197052002
data_fitting: 3.4134318828582764
flux_point: 0.8781368732452393
