n_obs: 10
data_preparation: 13.100107908248901
writing: 0.1241610050201416
reading: 0.05778193473815918
data_fitting: 2.899625301361084
flux_point: 0.7747082710266113
