n_obs: 10
data_preparation: 13.298931121826172
writing: 0.1316542625427246
reading: 0.06441855430603027
data_fitting: 3.1813528537750244
flux_point: 0.7892768383026123
