n_obs: 10
data_preparation: 12.722495794296265
writing: 0.11758899688720703
reading: 0.053208351135253906
data_fitting: 2.6302032470703125
flux_point: 0.7079141139984131
