n_obs: 10
data_preparation: 19.351205110549927
writing: 0.12642431259155273
reading: 0.05992388725280762
data_fitting: 3.327742338180542
flux_point: 0.8345024585723877
