n_obs: 10
data_preparation: 13.543511867523193
writing: 0.1327836513519287
reading: 0.06256866455078125
data_fitting: 3.1256296634674072
flux_point: 0.8042464256286621
