n_obs: 10
data_preparation: 10.479313373565674
writing: 0.09690976142883301
reading: 0.044022560119628906
data_fitting: 2.1850368976593018
flux_point: 0.5664150714874268
