n_obs: 10
data_preparation: 13.314066886901855
writing: 0.12010717391967773
reading: 0.05494332313537598
data_fitting: 2.843945026397705
flux_point: 0.7593541145324707
