n_obs: 10
data_preparation: 12.835619926452637
writing: 0.11536240577697754
reading: 0.057713985443115234
data_fitting: 2.614481210708618
flux_point: 0.705723762512207
