n_obs: 10
data_preparation: 16.951162338256836
writing: 0.12976717948913574
reading: 0.06324267387390137
data_fitting: 3.117302656173706
flux_point: 0.7942779064178467
