n_obs: 10
data_preparation: 13.151644229888916
writing: 0.13161516189575195
reading: 0.06851792335510254
data_fitting: 3.2132935523986816
flux_point: 0.8085360527038574
