n_obs: 10
data_preparation: 20.07137703895569
writing: 0.12451791763305664
reading: 0.05780982971191406
data_fitting: 3.123178720474243
flux_point: 0.783872127532959
