n_obs: 10
data_preparation: 13.311790943145752
writing: 0.13138651847839355
reading: 0.06248331069946289
data_fitting: 3.1349828243255615
flux_point: 0.7905731201171875
