n_obs: 10
data_preparation: 12.726234912872314
writing: 0.11642193794250488
reading: 0.059201717376708984
data_fitting: 2.644573211669922
flux_point: 0.7126150131225586
