n_obs: 10
data_preparation: 13.41057801246643
writing: 0.13275623321533203
reading: 0.06291675567626953
data_fitting: 3.0960135459899902
flux_point: 0.7848997116088867
