n_obs: 10
data_preparation: 20.273241758346558
writing: 0.12241983413696289
reading: 0.05713248252868652
data_fitting: 3.258242130279541
flux_point: 0.8176343441009521
