n_obs: 10
data_preparation: 13.264039993286133
writing: 0.13645601272583008
reading: 0.0628509521484375
data_fitting: 3.1243319511413574
flux_point: 0.7822823524475098
