n_obs: 10
data_preparation: 13.001492738723755
writing: 0.13097715377807617
reading: 0.06454205513000488
data_fitting: 3.1572625637054443
flux_point: 0.7936933040618896
