data_preparation: 8.859617233276367
run_asmooth: 0.8999133110046387
compute_correlations: 0.05862283706665039
compute_ExcessProfileEstimator: 0.058428049087524414
