data_preparation: 9.476441144943237
run_asmooth: 0.9742474555969238
compute_correlations: 0.060103416442871094
compute_ExcessProfileEstimator: 0.06033635139465332
