data_preparation: 9.04735279083252
run_asmooth: 0.9225296974182129
compute_correlations: 0.058281898498535156
compute_ExcessProfileEstimator: 0.057646989822387695
