data_preparation: 6.603800296783447
run_asmooth: 0.6285183429718018
compute_correlations: 0.039721012115478516
compute_ExcessProfileEstimator: 0.039572954177856445
