data_preparation: 8.6197030544281
run_asmooth: 0.8167760372161865
compute_correlations: 0.05359339714050293
compute_ExcessProfileEstimator: 0.053793907165527344
