data_preparation: 8.907266616821289
run_asmooth: 0.9486665725708008
compute_correlations: 0.05763840675354004
compute_ExcessProfileEstimator: 0.05810403823852539
