data_preparation: 8.989074230194092
run_asmooth: 0.9132194519042969
compute_correlations: 0.055965423583984375
compute_ExcessProfileEstimator: 0.058277130126953125
