data_preparation: 9.30123782157898
run_asmooth: 0.937124490737915
compute_correlations: 0.0605010986328125
compute_ExcessProfileEstimator: 0.059870243072509766
