data_preparation: 8.913178205490112
run_asmooth: 0.881972074508667
compute_correlations: 0.05744624137878418
compute_ExcessProfileEstimator: 0.05706596374511719
