data_preparation: 8.972967386245728
run_asmooth: 0.9271178245544434
compute_correlations: 0.058086395263671875
compute_ExcessProfileEstimator: 0.0577387809753418
