data_preparation: 8.958770513534546
run_asmooth: 0.8758063316345215
compute_correlations: 0.05715227127075195
compute_ExcessProfileEstimator: 0.057068824768066406
