data_preparation: 8.479551315307617
run_asmooth: 0.8159477710723877
compute_correlations: 0.05311083793640137
compute_ExcessProfileEstimator: 0.05347943305969238
