data_preparation: 8.714243650436401
run_asmooth: 0.8480794429779053
compute_correlations: 0.05379843711853027
compute_ExcessProfileEstimator: 0.05354928970336914
