data_preparation: 8.853931903839111
run_asmooth: 0.8830525875091553
compute_correlations: 0.056420087814331055
compute_ExcessProfileEstimator: 0.0571744441986084
