data_preparation: 8.847122430801392
run_asmooth: 0.8513545989990234
compute_correlations: 0.054341793060302734
compute_ExcessProfileEstimator: 0.05437731742858887
