data_preparation: 8.902020454406738
run_asmooth: 0.904149055480957
compute_correlations: 0.058390140533447266
compute_ExcessProfileEstimator: 0.05712890625
