data_preparation: 9.064931869506836
run_asmooth: 0.8841609954833984
compute_correlations: 0.05633354187011719
compute_ExcessProfileEstimator: 0.056697845458984375
