data_preparation: 8.966172456741333
run_asmooth: 0.8900690078735352
compute_correlations: 0.05832171440124512
compute_ExcessProfileEstimator: 0.05778312683105469
