data_preparation: 8.678648710250854
run_asmooth: 0.828864574432373
compute_correlations: 0.053863525390625
compute_ExcessProfileEstimator: 0.05435824394226074
