data_preparation: 8.953244686126709
run_asmooth: 0.9143922328948975
compute_correlations: 0.059118032455444336
compute_ExcessProfileEstimator: 0.059397220611572266
