data_preparation: 8.654054641723633
run_asmooth: 0.8557460308074951
compute_correlations: 0.05517172813415527
compute_ExcessProfileEstimator: 0.05575704574584961
