data_preparation: 8.801924705505371
run_asmooth: 0.8660745620727539
compute_correlations: 0.055761098861694336
compute_ExcessProfileEstimator: 0.05553078651428223
