data_preparation: 8.826072931289673
run_asmooth: 0.89320969581604
compute_correlations: 0.05797243118286133
compute_ExcessProfileEstimator: 0.056851863861083984
