n_obs: 8
data_preparation: 12.66478681564331
writing: 1.378235101699829
reading: 0.9949321746826172
data_fitting: 1.65627121925354
flux_point: 6.252371311187744
