n_obs: 8
data_preparation: 12.700120210647583
writing: 1.4422557353973389
reading: 1.0705325603485107
data_fitting: 1.6901366710662842
flux_point: 6.325429439544678
