n_obs: 8
data_preparation: 12.802510023117065
writing: 1.3300800323486328
reading: 1.015763521194458
data_fitting: 1.504626750946045
flux_point: 5.85764217376709
