n_obs: 8
data_preparation: 12.99442720413208
writing: 1.2621138095855713
reading: 0.943070650100708
data_fitting: 1.4059481620788574
flux_point: 5.639405012130737
