n_obs: 8
data_preparation: 12.085512638092041
writing: 1.3864357471466064
reading: 0.9772405624389648
data_fitting: 1.5924186706542969
flux_point: 5.949546813964844
