n_obs: 8
data_preparation: 12.617241144180298
writing: 1.4641368389129639
reading: 1.043109655380249
data_fitting: 1.6738405227661133
flux_point: 6.285425186157227
