n_obs: 8
data_preparation: 12.48613715171814
writing: 1.3613371849060059
reading: 0.9970602989196777
data_fitting: 1.6258535385131836
flux_point: 6.077481746673584
