n_obs: 8
data_preparation: 14.600427150726318
writing: 1.2842602729797363
reading: 0.9271702766418457
data_fitting: 1.5540313720703125
flux_point: 5.36217999458313
