n_obs: 8
data_preparation: 15.14671277999878
writing: 1.3074517250061035
reading: 0.9549503326416016
data_fitting: 1.6731560230255127
flux_point: 5.432090997695923
