n_obs: 8
data_preparation: 18.13204574584961
writing: 1.5202622413635254
reading: 1.1013641357421875
data_fitting: 1.649388074874878
flux_point: 6.210969686508179
