n_obs: 8
data_preparation: 12.404717445373535
writing: 1.4134516716003418
reading: 1.0147156715393066
data_fitting: 1.6891613006591797
flux_point: 6.292592287063599
