n_obs: 8
data_preparation: 12.775326251983643
writing: 1.2305262088775635
reading: 0.9054889678955078
data_fitting: 1.3778293132781982
flux_point: 5.494041919708252
