n_obs: 8
data_preparation: 12.645832061767578
writing: 1.4002063274383545
reading: 1.0282609462738037
data_fitting: 1.661064624786377
flux_point: 6.202043294906616
