n_obs: 8
data_preparation: 12.406121015548706
writing: 1.3706152439117432
reading: 0.9957175254821777
data_fitting: 1.6387865543365479
flux_point: 6.170310735702515
