n_obs: 8
data_preparation: 15.07198452949524
writing: 1.3214988708496094
reading: 0.9310550689697266
data_fitting: 1.6434030532836914
flux_point: 5.397429704666138
