n_obs: 8
data_preparation: 15.200775384902954
writing: 1.3107829093933105
reading: 0.953498363494873
data_fitting: 1.6885640621185303
flux_point: 5.505437135696411
