n_obs: 8
data_preparation: 12.904370784759521
writing: 1.2239091396331787
reading: 0.8873035907745361
data_fitting: 1.3596265316009521
flux_point: 5.48456597328186
