n_obs: 8
data_preparation: 12.416254043579102
writing: 1.3758516311645508
reading: 0.9928414821624756
data_fitting: 1.6420247554779053
flux_point: 6.192856073379517
