n_obs: 8
data_preparation: 12.538357257843018
writing: 1.2095067501068115
reading: 0.8911328315734863
data_fitting: 1.3793144226074219
flux_point: 5.503080368041992
