n_obs: 8
data_preparation: 12.791433095932007
writing: 1.2079577445983887
reading: 0.8878264427185059
data_fitting: 1.3693301677703857
flux_point: 5.466299772262573
