n_obs: 8
data_preparation: 12.741465330123901
writing: 1.2257955074310303
reading: 0.9069442749023438
data_fitting: 1.4152922630310059
flux_point: 5.548272609710693
