n_obs: 8
data_preparation: 10.077259063720703
writing: 0.9365510940551758
reading: 0.6908576488494873
data_fitting: 1.0395872592926025
flux_point: 3.9947783946990967
