n_obs: 8
data_preparation: 15.117239236831665
writing: 1.2856972217559814
reading: 0.9243276119232178
data_fitting: 1.613509178161621
flux_point: 5.4587483406066895
