n_obs: 8
data_preparation: 12.3781898021698
writing: 1.4004087448120117
reading: 1.0242164134979248
data_fitting: 1.6350133419036865
flux_point: 6.153268337249756
