n_obs: 8
data_preparation: 12.532324075698853
writing: 1.3932201862335205
reading: 0.9994380474090576
data_fitting: 1.6183931827545166
flux_point: 6.097623109817505
