n_obs: 8
data_preparation: 12.732168197631836
writing: 1.269239902496338
reading: 0.9186954498291016
data_fitting: 1.4264562129974365
flux_point: 5.659907341003418
