n_obs: 8
data_preparation: 12.94943881034851
writing: 1.2120263576507568
reading: 0.8997914791107178
data_fitting: 1.381577491760254
flux_point: 5.523829936981201
