n_obs: 10
data_loading: 0.02382493019104004
filling: 0.6554293632507324
writing: 0.1321556568145752
