n_obs: 10
data_loading: 0.024062633514404297
filling: 0.4725196361541748
writing: 0.13466978073120117
