n_obs: 10
data_loading: 0.01920771598815918
filling: 0.4233889579772949
writing: 0.10464787483215332
