n_obs: 10
data_loading: 0.026985883712768555
filling: 0.5034234523773193
writing: 0.15720057487487793
