n_obs: 10
data_loading: 0.02910780906677246
filling: 0.49765968322753906
writing: 0.15904808044433594
