n_obs: 10
data_loading: 0.024894237518310547
filling: 0.4925999641418457
writing: 0.14378595352172852
