n_obs: 10
data_loading: 0.026488304138183594
filling: 0.6833512783050537
writing: 0.133652925491333
