n_obs: 10
data_loading: 0.027750253677368164
filling: 0.5261795520782471
writing: 0.1563279628753662
