n_obs: 10
data_loading: 0.027569055557250977
filling: 0.5224676132202148
writing: 0.1574399471282959
