n_obs: 10
data_loading: 0.029592514038085938
filling: 0.5155055522918701
writing: 0.1603224277496338
