n_obs: 10
data_loading: 0.029235363006591797
filling: 0.5213706493377686
writing: 0.15628337860107422
