n_obs: 10
data_loading: 0.027808427810668945
filling: 0.5200924873352051
writing: 0.15720725059509277
