n_obs: 10
data_loading: 0.024406909942626953
filling: 0.48863959312438965
writing: 0.13705682754516602
