n_obs: 10
data_loading: 0.024658918380737305
filling: 0.5026004314422607
writing: 0.13475489616394043
