n_obs: 10
data_loading: 0.02565908432006836
filling: 0.6984646320343018
writing: 0.13517427444458008
