n_obs: 10
data_loading: 0.029459476470947266
filling: 0.5229878425598145
writing: 0.15672039985656738
