n_obs: 10
data_loading: 0.02384352684020996
filling: 0.47034692764282227
writing: 0.13645482063293457
