n_obs: 10
data_loading: 0.027107715606689453
filling: 0.5151875019073486
writing: 0.15854287147521973
