n_obs: 10
data_loading: 0.026573657989501953
filling: 0.49839329719543457
writing: 0.16124272346496582
