n_obs: 10
data_loading: 0.023228883743286133
filling: 0.4726552963256836
writing: 0.13447308540344238
