n_obs: 10
data_loading: 0.028888702392578125
filling: 0.5283470153808594
writing: 0.15609145164489746
