n_obs: 10
data_loading: 0.02357792854309082
filling: 0.48105645179748535
writing: 0.13429522514343262
