n_obs: 10
data_loading: 0.024498701095581055
filling: 0.7178463935852051
writing: 0.1394515037536621
