n_obs: 10
data_loading: 0.02789473533630371
filling: 0.597015380859375
writing: 0.16071033477783203
