n_obs: 10
data_loading: 0.023350954055786133
filling: 0.47356677055358887
writing: 0.14014029502868652
