n_obs: 10
data_loading: 0.024926185607910156
filling: 0.7276878356933594
writing: 0.13838672637939453
