n_obs: 10
data_loading: 0.025481224060058594
filling: 0.48821210861206055
writing: 0.1346437931060791
