data_preparation: 0.18024039268493652
run_asmooth: 0.6972367763519287
TSmap_estimator: 21.393500566482544
