data_preparation: 0.1639857292175293
run_asmooth: 0.7843625545501709
TSmap_estimator: 24.4161434173584
