data_preparation: 0.16865825653076172
run_asmooth: 0.6813962459564209
TSmap_estimator: 27.598610401153564
