data_preparation: 0.176680326461792
run_asmooth: 0.6925311088562012
TSmap_estimator: 21.091819286346436
