data_preparation: 0.1770467758178711
run_asmooth: 0.6969442367553711
TSmap_estimator: 28.746087789535522
