data_preparation: 0.16839313507080078
run_asmooth: 0.695814847946167
TSmap_estimator: 27.10254406929016
