data_preparation: 0.17963838577270508
run_asmooth: 0.6917166709899902
TSmap_estimator: 21.30319881439209
