data_preparation: 0.17077231407165527
run_asmooth: 0.697711706161499
TSmap_estimator: 28.128382444381714
