data_preparation: 0.16798186302185059
run_asmooth: 0.6995084285736084
TSmap_estimator: 28.692402839660645
