data_preparation: 0.17206430435180664
run_asmooth: 0.6855607032775879
TSmap_estimator: 27.8299503326416
