data_preparation: 0.18337392807006836
run_asmooth: 0.7144918441772461
TSmap_estimator: 21.440880298614502
