data_preparation: 0.17975974082946777
run_asmooth: 0.7058515548706055
TSmap_estimator: 21.66904616355896
