data_preparation: 0.1661663055419922
run_asmooth: 0.8774943351745605
TSmap_estimator: 24.38460350036621
