data_preparation: 0.1414508819580078
run_asmooth: 0.49947357177734375
TSmap_estimator: 16.685835361480713
