data_preparation: 0.16646552085876465
run_asmooth: 0.6766207218170166
TSmap_estimator: 27.922616720199585
