data_preparation: 0.1695117950439453
run_asmooth: 0.693915843963623
TSmap_estimator: 27.79915475845337
