data_preparation: 0.178070068359375
run_asmooth: 0.6995353698730469
TSmap_estimator: 21.059579133987427
