data_preparation: 0.17204785346984863
run_asmooth: 0.7071831226348877
TSmap_estimator: 28.055920600891113
