data_preparation: 0.1809673309326172
run_asmooth: 0.6874842643737793
TSmap_estimator: 21.634730339050293
