data_preparation: 0.1904768943786621
run_asmooth: 0.757819414138794
TSmap_estimator: 28.41279125213623
