data_preparation: 0.17535161972045898
run_asmooth: 0.7162249088287354
TSmap_estimator: 28.345784425735474
