data_preparation: 0.16817474365234375
run_asmooth: 0.6689107418060303
TSmap_estimator: 27.562325716018677
