data_preparation: 0.16335201263427734
run_asmooth: 0.8203964233398438
TSmap_estimator: 24.05260705947876
