data_preparation: 0.18747711181640625
run_asmooth: 0.7387831211090088
TSmap_estimator: 22.070419549942017
