data_preparation: 0.16721844673156738
run_asmooth: 0.814483642578125
TSmap_estimator: 24.48284912109375
