data_preparation: 0.17474365234375
run_asmooth: 0.8473122119903564
TSmap_estimator: 21.397332668304443
