data_preparation: 0.16623401641845703
run_asmooth: 0.8020892143249512
TSmap_estimator: 24.260597467422485
