n_iterations: 10
n_sources: 10
simulations: 0.04551577568054199
npred computation: 11.790280818939209
