n_iterations: 10
n_sources: 10
simulations: 0.03576827049255371
npred computation: 9.079458951950073
