n_iterations: 10
n_sources: 10
simulations: 0.04777669906616211
npred computation: 12.031609058380127
