n_iterations: 10
n_sources: 10
simulations: 0.050122737884521484
npred computation: 12.701932907104492
