n_iterations: 10
n_sources: 10
simulations: 0.04908442497253418
npred computation: 12.946242332458496
