n_iterations: 10
n_sources: 10
simulations: 0.04851722717285156
npred computation: 12.877941131591797
