n_iterations: 10
n_sources: 10
simulations: 0.04499173164367676
npred computation: 11.95376443862915
