n_iterations: 10
n_sources: 10
simulations: 0.049611806869506836
npred computation: 12.846555471420288
