n_iterations: 10
n_sources: 10
simulations: 0.045261383056640625
npred computation: 11.815233707427979
