n_iterations: 10
n_sources: 10
simulations: 0.04740142822265625
npred computation: 12.586078643798828
