n_iterations: 10
n_sources: 10
simulations: 0.048767805099487305
npred computation: 12.832098245620728
