n_iterations: 10
n_sources: 10
simulations: 0.050215959548950195
npred computation: 12.22111201286316
