n_iterations: 10
n_sources: 10
simulations: 0.04685163497924805
npred computation: 12.093839406967163
