n_iterations: 10
n_sources: 10
simulations: 0.048003435134887695
npred computation: 12.840658187866211
