n_iterations: 10
n_sources: 10
simulations: 0.05041956901550293
npred computation: 12.675559520721436
