n_iterations: 10
n_sources: 10
simulations: 0.04687142372131348
npred computation: 12.457555055618286
