n_iterations: 10
n_sources: 10
simulations: 0.048546791076660156
npred computation: 12.32909631729126
