n_iterations: 10
n_sources: 10
simulations: 0.04600071907043457
npred computation: 11.958834171295166
