n_iterations: 10
n_sources: 10
simulations: 0.04977726936340332
npred computation: 12.525063037872314
