n_iterations: 10
n_sources: 10
simulations: 0.04674363136291504
npred computation: 12.425373077392578
