n_iterations: 10
n_sources: 10
simulations: 0.04580187797546387
npred computation: 11.815677642822266
