n_iterations: 10
n_sources: 10
simulations: 0.05153036117553711
npred computation: 14.632354259490967
