n_iterations: 10
n_sources: 10
simulations: 0.0454411506652832
npred computation: 12.13477110862732
