n_iterations: 10
n_sources: 10
simulations: 0.04849600791931152
npred computation: 12.693620920181274
