n_obs: 10
data_preparation: 3.1101622581481934
writing: 0.2138044834136963
reading: 0.17256951332092285
data_fitting: 1.0691027641296387
flux_point: 3.0975921154022217
