n_obs: 10
data_preparation: 3.3819053173065186
writing: 0.24333715438842773
reading: 0.19488024711608887
data_fitting: 1.364701747894287
flux_point: 3.510713815689087
