n_obs: 10
data_preparation: 3.2615294456481934
writing: 0.2168877124786377
reading: 0.17973065376281738
data_fitting: 1.066512107849121
flux_point: 3.148369073867798
