n_obs: 10
data_preparation: 3.4503297805786133
writing: 0.2483682632446289
reading: 0.19692230224609375
data_fitting: 1.3798584938049316
flux_point: 3.4759156703948975
