n_obs: 10
data_preparation: 3.460995674133301
writing: 0.24712705612182617
reading: 0.19817543029785156
data_fitting: 1.3827850818634033
flux_point: 3.5269482135772705
