n_obs: 10
data_preparation: 2.471841335296631
writing: 0.1714310646057129
reading: 0.13829612731933594
data_fitting: 0.8367159366607666
flux_point: 2.4390416145324707
