n_obs: 10
data_preparation: 3.2315330505371094
writing: 0.21571660041809082
reading: 0.17896461486816406
data_fitting: 1.0660381317138672
flux_point: 3.159858465194702
