n_obs: 10
data_preparation: 3.4333081245422363
writing: 0.2469322681427002
reading: 0.19628620147705078
data_fitting: 1.3782224655151367
flux_point: 3.5270376205444336
