n_obs: 10
data_preparation: 3.214824914932251
writing: 0.22403192520141602
reading: 0.17617154121398926
data_fitting: 1.1883537769317627
flux_point: 3.173686981201172
