n_obs: 10
data_preparation: 3.2711617946624756
writing: 0.23066926002502441
reading: 0.18242621421813965
data_fitting: 1.2647366523742676
flux_point: 3.3145694732666016
