n_obs: 10
data_preparation: 3.4144818782806396
writing: 0.24433207511901855
reading: 0.1960756778717041
data_fitting: 1.401151180267334
flux_point: 3.5184192657470703
