n_obs: 10
data_preparation: 3.276096820831299
writing: 0.2261209487915039
reading: 0.1810007095336914
data_fitting: 1.2050831317901611
flux_point: 3.2572269439697266
