n_obs: 10
data_preparation: 3.187549352645874
writing: 0.2145075798034668
reading: 0.17378449440002441
data_fitting: 1.0783295631408691
flux_point: 3.1361186504364014
