n_obs: 10
data_preparation: 3.4976816177368164
writing: 0.24949002265930176
reading: 0.20022988319396973
data_fitting: 1.3950307369232178
flux_point: 3.596222162246704
