n_obs: 10
data_preparation: 3.4156806468963623
writing: 0.2357943058013916
reading: 0.18633008003234863
data_fitting: 1.2601404190063477
flux_point: 3.323695421218872
