n_obs: 10
data_preparation: 3.2114202976226807
writing: 0.21317505836486816
reading: 0.17684340476989746
data_fitting: 1.0635268688201904
flux_point: 3.1064772605895996
