n_obs: 10
data_preparation: 3.1361587047576904
writing: 0.2137775421142578
reading: 0.17246437072753906
data_fitting: 1.0566539764404297
flux_point: 3.0709567070007324
