n_obs: 10
data_preparation: 3.564474105834961
writing: 0.25995635986328125
reading: 0.20883822441101074
data_fitting: 1.411750316619873
flux_point: 3.6537625789642334
