n_obs: 10
data_preparation: 3.0971486568450928
writing: 0.21084284782409668
reading: 0.17058825492858887
data_fitting: 1.0488078594207764
flux_point: 3.081404685974121
