n_obs: 10
data_preparation: 3.3040988445281982
writing: 0.243302583694458
reading: 0.1971127986907959
data_fitting: 1.3491840362548828
flux_point: 3.3987276554107666
