n_obs: 10
data_preparation: 3.2096359729766846
writing: 0.21713781356811523
reading: 0.17400288581848145
data_fitting: 1.0873260498046875
flux_point: 3.1790943145751953
