n_obs: 10
data_preparation: 3.240792989730835
writing: 0.2331399917602539
reading: 0.18239855766296387
data_fitting: 1.2485020160675049
flux_point: 3.269023895263672
