n_obs: 10
data_preparation: 3.563845157623291
writing: 0.2605583667755127
reading: 0.20788335800170898
data_fitting: 1.3969731330871582
flux_point: 3.582244396209717
