n_obs: 10
data_preparation: 3.52584171295166
writing: 0.25214624404907227
reading: 0.2010209560394287
data_fitting: 1.3740601539611816
flux_point: 3.533872365951538
