n_obs: 10
data_preparation: 3.2530570030212402
writing: 0.2204883098602295
reading: 0.17714834213256836
data_fitting: 1.0866992473602295
flux_point: 3.16233491897583
