n_obs: 10
data_preparation: 3.481701135635376
writing: 0.2557046413421631
reading: 0.21011996269226074
data_fitting: 1.4013314247131348
flux_point: 3.5844147205352783
