n_obs: 10
data_preparation: 3.342085361480713
writing: 0.24423933029174805
reading: 0.18842506408691406
data_fitting: 1.352628469467163
flux_point: 3.4533491134643555
